1 0.5600961538461539 0.7524038461538461 0.6057692307692307 0.4206730769230769
2 0.17668269230769232 0.6117788461538461 0.18509615384615385 0.1502403846153846
2 0.21033653846153846 0.7079326923076923 0.14182692307692307 0.22716346153846154
2 0.4110576923076923 0.875 0.30528846153846156 0.1778846153846154
2 0.2536057692307692 0.32091346153846156 0.0673076923076923 0.1622596153846154
2 0.3557692307692308 0.36778846153846156 0.04807692307692308 0.054086538461538464
2 0.41225961538461536 0.33413461538461536 0.05048076923076923 0.09254807692307693
1 0.5516826923076923 0.4098557692307692 0.3389423076923077 0.4050480769230769
1 0.7307692307692307 0.47596153846153844 0.31971153846153844 0.45552884615384615
0 0.09975961538461539 0.4951923076923077 0.04447115384615385 0.04807692307692308
0 0.20432692307692307 0.5637019230769231 0.038461538461538464 0.054086538461538464
0 0.24879807692307693 0.5432692307692307 0.038461538461538464 0.04807692307692308
0 0.328125 0.3245192307692308 0.03245192307692308 0.04567307692307692
0 0.38221153846153844 0.3762019230769231 0.036057692307692304 0.04567307692307692