1 0.038461538461538464 0.3088942307692308 0.04807692307692308 0.6177884615384616
1 0.09495192307692307 0.5 0.10697115384615384 1
1 0.20072115384615385 0.5 0.11057692307692307 1
1 0.36658653846153844 0.5012019230769231 0.20793269230769232 0.9975961538461539
0 0.375 0.1310096153846154 0.04567307692307692 0.12379807692307693
0 0.43509615384615385 0.11658653846153846 0.04567307692307692 0.12860576923076922
3 0.5228365384615384 0.19230769230769232 0.09375 0.2283653846153846
3 0.6322115384615384 0.18509615384615385 0.10697115384615384 0.21634615384615385
3 0.7451923076923077 0.18028846153846154 0.10216346153846154 0.23317307692307693
3 0.8497596153846154 0.1502403846153846 0.10576923076923077 0.27163461538461536
3 0.9471153846153846 0.15745192307692307 0.08052884615384616 0.203125
3 0.5288461538461539 0.6454326923076923 0.10697115384615384 0.35096153846153844
3 0.6466346153846154 0.6478365384615384 0.11298076923076923 0.31850961538461536
3 0.7572115384615384 0.6298076923076923 0.1346153846153846 0.3173076923076923
3 0.875 0.6081730769230769 0.14423076923076922 0.38221153846153844
3 0.953125 0.5949519230769231 0.06850961538461539 0.2692307692307692