1 0.8978365384615384 0.3713942307692308 0.20432692307692307 0.5889423076923077
1 0.8581730769230769 0.5576923076923077 0.21033653846153846 0.5853365384615384
1 0.6490384615384616 0.48677884615384615 0.2091346153846154 0.3870192307692308
1 0.6670673076923077 0.22596153846153846 0.1778846153846154 0.4495192307692308
1 0.5216346153846154 0.23197115384615385 0.16947115384615385 0.4543269230769231
1 0.5060096153846154 0.671875 0.23317307692307693 0.65625
3 0.3557692307692308 0.6009615384615384 0.15504807692307693 0.10817307692307693
3 0.31009615384615385 0.5516826923076923 0.16826923076923078 0.11778846153846154
3 0.3858173076923077 0.453125 0.16466346153846154 0.09134615384615384
3 0.33774038461538464 0.3894230769230769 0.16346153846153846 0.09495192307692307
2 0.34375 0.31490384615384615 0.14543269230769232 0.03365384615384615
2 0.34975961538461536 0.2800480769230769 0.13701923076923078 0.038461538461538464
2 0.7860576923076923 0.20192307692307693 0.037259615384615384 0.11899038461538461
2 0.6983173076923077 0.19471153846153846 0.039663461538461536 0.12860576923076922
2 0.7427884615384616 0.22596153846153846 0.046875 0.15865384615384615
2 0.671875 0.08774038461538461 0.03245192307692308 0.12139423076923077
2 0.7115384615384616 0.08052884615384616 0.026442307692307692 0.10216346153846154
2 0.7463942307692307 0.0829326923076923 0.020432692307692308 0.0985576923076923
2 0.7740384615384616 0.08533653846153846 0.03365384615384615 0.11057692307692307