1 0.49399038461538464 0.15144230769230768 0.7019230769230769 0.23557692307692307
1 0.8629807692307693 0.49158653846153844 0.2283653846153846 0.6189903846153846
1 0.6262019230769231 0.4735576923076923 0.2283653846153846 0.47115384615384615
1 0.3942307692307692 0.4831730769230769 0.21754807692307693 0.4543269230769231
1 0.1466346153846154 0.484375 0.2439903846153846 0.6586538461538461
1 0.515625 0.8810096153846154 0.6826923076923077 0.21754807692307693
3 0.14423076923076922 0.8978365384615384 0.10697115384615384 0.12980769230769232
3 0.8533653846153846 0.9038461538461539 0.140625 0.1141826923076923
3 0.3088942307692308 0.6802884615384616 0.140625 0.1935096153846154
3 0.7704326923076923 0.6790865384615384 0.125 0.15384615384615385
3 0.23798076923076922 0.3786057692307692 0.12379807692307693 0.15264423076923078
3 0.2620192307692308 0.2800480769230769 0.12740384615384615 0.1045673076923077
3 0.6586538461538461 0.21995192307692307 0.16826923076923078 0.1201923076923077
3 0.6923076923076923 0.41466346153846156 0.09735576923076923 0.12860576923076922
3 0.7740384615384616 0.30649038461538464 0.14423076923076922 0.11057692307692307
3 0.6730769230769231 0.9098557692307693 0.12740384615384615 0.11057692307692307
2 0.5120192307692307 0.35697115384615385 0.03485576923076923 0.17908653846153846
2 0.29447115384615385 0.9122596153846154 0.13221153846153846 0.06971153846153846