1 0.5276442307692307 0.15865384615384615 0.6899038461538461 0.16706730769230768
1 0.6538461538461539 0.36177884615384615 0.4891826923076923 0.14302884615384615
0 0.19951923076923078 0.7043269230769231 0.06850961538461539 0.1875
0 0.2644230769230769 0.6838942307692307 0.06370192307692307 0.18990384615384615
2 0.43028846153846156 0.6057692307692307 0.203125 0.22115384615384615
0 0.8557692307692307 0.5552884615384616 0.06490384615384616 0.1502403846153846
0 0.9050480769230769 0.5528846153846154 0.06370192307692307 0.15264423076923078
0 0.38100961538461536 0.8365384615384616 0.04447115384615385 0.11057692307692307
0 0.5060096153846154 0.8257211538461539 0.052884615384615384 0.125
0 0.8641826923076923 0.8353365384615384 0.055288461538461536 0.125
0 0.2620192307692308 0.8173076923076923 0.039663461538461536 0.08653846153846154
0 0.9747596153846154 0.8269230769230769 0.03485576923076923 0.08774038461538461