1 0.6177884615384616 0.09254807692307693 0.37259615384615385 0.12980769230769232
3 0.7007211538461539 0.15264423076923078 0.15985576923076922 0.038461538461538464
1 0.6911057692307693 0.20432692307692307 0.31971153846153844 0.08052884615384616
1 0.7848557692307693 0.2776442307692308 0.3629807692307692 0.11298076923076923
1 0.8233173076923077 0.3641826923076923 0.2848557692307692 0.1141826923076923
1 0.8798076923076923 0.47596153846153844 0.17427884615384615 0.13942307692307693
0 0.35336538461538464 0.41466346153846156 0.056490384615384616 0.07572115384615384
0 0.3918269230769231 0.4098557692307692 0.06009615384615385 0.07692307692307693
0 0.43149038461538464 0.4026442307692308 0.055288461538461536 0.078125
0 0.3605769230769231 0.46153846153846156 0.056490384615384616 0.04927884615384615
0 0.4266826923076923 0.45552884615384615 0.057692307692307696 0.05048076923076923
0 0.42788461538461536 0.5144230769230769 0.051682692307692304 0.056490384615384616
0 0.46875 0.5 0.040865384615384616 0.054086538461538464