1 0.33413461538461536 0.0889423076923077 0.6382211538461539 0.1502403846153846
1 0.6862980769230769 0.21875 0.5432692307692307 0.14783653846153846
1 0.3329326923076923 0.3125 0.6021634615384616 0.12980769230769232
1 0.6850961538461539 0.4170673076923077 0.5408653846153846 0.140625
1 0.3317307692307692 0.5120192307692307 0.6045673076923077 0.12259615384615384
1 0.6730769230769231 0.6165865384615384 0.49759615384615385 0.14182692307692307
1 0.3004807692307692 0.703125 0.5336538461538461 0.1466346153846154
1 0.7704326923076923 0.7548076923076923 0.3425480769230769 0.12620192307692307
2 0.8485576923076923 0.2932692307692308 0.18870192307692307 0.051682692307692304
0 0.7824519230769231 0.8485576923076923 0.046875 0.07572115384615384
0 0.8377403846153846 0.8473557692307693 0.046875 0.07451923076923077
0 0.8257211538461539 0.8966346153846154 0.054086538461538464 0.0673076923076923
0 0.9026442307692307 0.9158653846153846 0.05889423076923077 0.0673076923076923
0 0.9387019230769231 0.8725961538461539 0.046875 0.09254807692307693
0 0.9098557692307693 0.8269230769230769 0.04326923076923077 0.08774038461538461
0 0.9711538461538461 0.8377403846153846 0.04807692307692308 0.0889423076923077
1 0.4206730769230769 0.8846153846153846 0.375 0.08774038461538461
2 0.35697115384615385 0.9447115384615384 0.25721153846153844 0.08413461538461539