1 0.2536057692307692 0.546875 0.3942307692307692 0.2704326923076923
1 0.7199519230769231 0.42427884615384615 0.38341346153846156 0.109375
2 0.0829326923076923 0.7728365384615384 0.05048076923076923 0.2608173076923077
2 0.12620192307692307 0.7704326923076923 0.056490384615384616 0.2860576923076923
0 0.6177884615384616 0.2824519230769231 0.028846153846153848 0.04927884615384615
0 0.6105769230769231 0.23317307692307693 0.020432692307692308 0.04807692307692308
0 0.6826923076923077 0.24759615384615385 0.030048076923076924 0.078125
0 0.7115384615384616 0.18990384615384615 0.038461538461538464 0.10697115384615384
0 0.7451923076923077 0.19230769230769232 0.028846153846153848 0.09254807692307693
0 0.7752403846153846 0.19110576923076922 0.030048076923076924 0.08653846153846154
0 0.8112980769230769 0.1935096153846154 0.039663461538461536 0.09375