1 0.47115384615384615 0.08533653846153846 0.9375 0.16706730769230768
1 0.48677884615384615 0.31971153846153844 0.9699519230769231 0.18269230769230768
2 0.8329326923076923 0.125 0.3112980769230769 0.12379807692307693
3 0.8377403846153846 0.6826923076923077 0.2091346153846154 0.1310096153846154
2 0.2920673076923077 0.6105769230769231 0.056490384615384616 0.25600961538461536
2 0.06129807692307692 0.6298076923076923 0.09014423076923077 0.2764423076923077
2 0.13221153846153846 0.6274038461538461 0.1045673076923077 0.2668269230769231
2 0.030048076923076924 0.7451923076923077 0.056490384615384616 0.17668269230769232
2 0.37259615384615385 0.6117788461538461 0.10336538461538461 0.27884615384615385
3 0.4699519230769231 0.7451923076923077 0.22596153846153846 0.13341346153846154
3 0.5348557692307693 0.8425480769230769 0.27283653846153844 0.140625
3 0.5973557692307693 0.9290865384615384 0.2800480769230769 0.14182692307692307