1 0.5048076923076923 0.8677884615384616 0.6418269230769231 0.17908653846153846
1 0.1935096153846154 0.40384615384615385 0.25600961538461536 0.7704326923076923
1 0.33774038461538464 0.453125 0.23557692307692307 0.6201923076923077
1 0.5925480769230769 0.45913461538461536 0.24278846153846154 0.65625
1 0.828125 0.47836538461538464 0.2536057692307692 0.578125
1 0.5661057692307693 0.13581730769230768 0.5865384615384616 0.17908653846153846
2 0.18269230769230768 0.26802884615384615 0.1045673076923077 0.23798076923076922
2 0.32211538461538464 0.21875 0.0625 0.1658653846153846
2 0.6598557692307693 0.4362980769230769 0.042067307692307696 0.14302884615384615
2 0.8605769230769231 0.29447115384615385 0.09495192307692307 0.2091346153846154
3 0.6778846153846154 0.29927884615384615 0.14423076923076922 0.13701923076923078
3 0.4795673076923077 0.6887019230769231 0.12860576923076922 0.11658653846153846