3 0.234375 0.3004807692307692 0.265625 0.2091346153846154
3 0.38100961538461536 0.41346153846153844 0.265625 0.21394230769230768
3 0.4951923076923077 0.5721153846153846 0.24519230769230768 0.21634615384615385
3 0.7367788461538461 0.5733173076923077 0.24158653846153846 0.21754807692307693
3 0.8617788461538461 0.6838942307692307 0.12860576923076922 0.13221153846153846
3 0.18990384615384615 0.6189903846153846 0.27283653846153844 0.17908653846153846
3 0.25721153846153844 0.7451923076923077 0.2668269230769231 0.1935096153846154
1 0.48677884615384615 0.15745192307692307 0.9663461538461539 0.31490384615384615
1 0.6862980769230769 0.33052884615384615 0.6274038461538461 0.4014423076923077
2 0.3701923076923077 0.8052884615384616 0.234375 0.29927884615384615
2 0.45913461538461536 0.8245192307692307 0.12740384615384615 0.16466346153846154